14.2768 34.2177
5.5882 35.6933
89.3184 -28.9368
91.0804 -33.1643
82.0143 -33.0749
82.6647 -28.5620
-32.0000 8.0000
15.9400 -13.6300
-20.3400 -4.3800
103.0000 -4.3860
38.5000 -4.3800
50.1047 -5.1682
35.1055 4.8759
39.8693 -39.2270
22.8289 -40.8522
9.1534 -40.7389
-3.5469 -40.9334
-35.1000 -3.7000
-25.2000 3.7000
-3.0000 -3.7000
9.0000 3.7000
21.0000 -3.7000
27.0000 3.7000
58.0000 -3.7000
71.0000 3.7000
84.0000 -3.7000
90.5000 3.7000
-11.3000 -3.7000
41.3000 -41.3000
-11.0955 3.9202
10.9133 -4.2621
41.3000 3.7000
-18.7000 -3.7000
41.3000 -3.7000
106.3000 -3.7000
